bass_05_nlr_08_ACK70197.1_1_38	9	22	1.925479	-0.221387	AEKIAVFAQGGTVY
bass_01_all_01_ADI09086.1_1_41	3	35	9.673000	1.908798	GPPPPYAEGHASGHGRVFQSAGDQHITEHHHHA
bass_05_nlr_08_AFW94441.1_1_38	3	30	2.901401	0.642161	DNFSKLADKIGAVALPGGTVQVNTQNID
bass_04_cya_02_AFY38363.1_1_41	5	40	4.564335	1.283159	DAQKKIIQKAISDIVVHGNLTVGDITQIINLPQPER
bass_09_nlr_20_AFY94413.1_1_33	2	27	5.332927	1.524714	QQDNRDNATGFQIDADNSTVYAGINH
bass_07_all_12_AFZ00399.1_1_35	2	17	2.746772	-0.059210	INENWQGISIKGGEVE
bass_07_all_12_AFZ01857.1_1_35	3	28	2.884680	0.352330	NENWQGINAKGGINVIKDNTFNFNSP
bass_09_nlr_20_AFZ02242.1_1_33	2	32	3.925016	0.281559	KQENKDNAKGWQTEANNSNVYNADTININHQ
bass_03_nlr_09_AFZ27510.1_1_35	2	24	2.233416	1.052277	NPNNIDKLININQDGKDNTQNNI
bass_01_all_01_AGK79793.1_1_36	1	31	9.467687	1.945169	MTGHNDGRASDQGRVYQASGDQHIVEHHHHG
bass_01_all_01_AIJ15689.1_1_38	4	36	7.586897	0.903414	PRPMEGRASGSARIYQAGGDQYIEEHVHHHAPG
bass_03_all_03_AJC53635.1_3_43	4	35	8.003940	2.447296	STPSSSSVDARAAQGVQVGDGGVQVNYFAARP
bass_07_all_12_AKG24489.1_1_34	2	26	2.576716	-0.367989	SENWHGINIKGGKNEIKGNTFIFNS
bass_10_nlr_26_ALB42078.1_1_46	4	41	3.505291	2.005148	ESNPNHQNNIEMNVNAFGDSKVTQIGQLNAQQVQIIVD
bass_03_nlr_09_ALB43288.1_1_31	3	25	2.469216	1.886530	DKQINIQQDGQGNVINNFFSSQP
bass_01_all_01_ALO07341.1_1_36	1	32	7.156863	0.926931	MSGANDARADGYGRIYQASGDQHIVEHHHHAP
bass_06_nlr_30_ALO95113.1_4_46	5	35	5.133047	1.447901	GGGGLQATGFRSVAVGGDVGVAITGDGARVM
bass_01_all_01_ALV50310.1_1_38	2	32	6.759817	0.945190	SAPTPMEGHASDSARVYQTGGDQYIEEHVHH
bass_02_str_02_AMW10320.1_5_45	11	35	9.474660	1.660300	RNDLSGTVFGPVVQAGTVKGGVHTH
bass_02_str_02_ANN18894.1_9_48	1	38	10.190417	2.720527	GTTGDGMAHGNVVSGNVEGIVVQAHTVEGGVNITVPER
bass_06_pch_02_ANP52225.1_1_27	2	26	2.850877	1.754466	PTPHVVQASHHGVAVGHADQVSYYG
bass_01_all_01_AOR29772.1_1_35	5	28	4.194655	1.482260	GARASGQGRIFQTTGDQYVQEHHH
bass_01_nlr_01_AOS61467.1_12_46	1	34	6.010539	1.476657	HGGATYSAEGHDFARVYQAQRDIVIGGGTVESPP
bass_06_all_09_AQW51769.1_1_34	10	28	3.632597	1.245227	GAGSVAAHHIGTAITGQVN
bass_01_all_01_ARF62512.1_1_37	2	33	6.328203	2.345540	SGPTEGRAEDNGRVYQSQGDQHITEHHHHGSP
bass_05_all_07_ARI84451.1_1_24	2	19	1.561652	0.722880	DQKIVNYAQGDINIDKQN
bass_01_nlr_01_ASO18266.1_8_50	3	37	4.287785	1.745814	PDHGGTYSAEAHDASRVYQAQRDIVIGETSVESPP
bass_01_all_01_ATW48405.1_2_46	6	36	4.031653	0.017087	GEKRPEVSLRAGAHDGGRIYQAVGDQYIYEG
bass_02_all_04_ATY15809.1_1_36	2	32	6.748197	1.376661	SDGNYFDGQADKVFQARNVYGDVHFHGPRQP
bass_01_all_01_AUA13813.1_1_34	2	34	6.701803	2.066171	PIDGRASGQGRVFQTSGDQHIEEHHHHYGAGTG
bass_01_all_01_BAJ27762.1_1_37	2	31	7.724787	1.465213	TAANEGRATGHGRVYQAAGDQHVTEHHHHH
bass_08_all_20_BAS57487.1_1_32	1	16	1.994323	0.093983	MSRQYESHGRDQFNIE
bass_09_nlr_20_BAU44504.1_1_34	2	22	2.625381	1.046285	SDQHIHDQGKGYQVEVKGGTA
bass_04_cya_02_BAU63957.1_2_41	5	37	5.415493	0.874315	NPQQPFQKVFSNVSVGGDLTAGDITLIYNQYTN
bass_05_nlr_08_BAY32777.1_1_38	2	31	3.115701	0.905552	PEDSGKFADKIGVFAAPGAQVNIGTQIIEG
bass_10_nlr_26_BAY92963.1_1_49	5	40	3.668708	0.159321	PNPNQAKIINLEGTAQDESKLTQIGHVDTENFHLTA
bass_10_nlr_26_BAY96876.1_1_46	6	39	5.870713	1.654849	NPTNSNNIEMNVTASGDSKVTQVGQINAAEVKIV
bass_04_cya_02_BAZ20405.1_31_71	4	38	5.519709	1.248311	QGNSKLAVQKIFENVQAEGNITVGDITQIYQTVNN
bass_09_nlr_20_BAZ41011.1_1_34	3	26	5.227131	1.636532	SQENSGNAQGFQTQVHDGGTAYVG
bass_05_cya_01_BAZ70469.1_1_34	2	31	3.608607	0.597788	PEDSGKFADKIGAFAAPGANVNIGTQIIAG
bass_04_nlr_13_BAZ86410.1_1_43	8	34	6.647550	1.527627	QNVQKIFENVQASGDINIRDIYQTVNN
bass_03_cya_15_BBC24758.1_1_32	3	20	4.925080	1.590209	NPEINIGQGGTGNTQNNT
bass_04_cya_02_BBD58560.1_1_40	3	37	5.068054	1.153948	NEPDSEVVQVKLENLQVGGNITIKDITQIYQTVNN
bass_09_nlr_20_CAO90857.1_41_83	6	33	3.835025	0.695518	QDDRRLVQINKGDAKGFQTLVTGGIANI
bass_02_str_10_CCH15801.1_1_38	2	33	8.687831	2.345148	PSGTSNEQSGNVSGLSVQAGVIHGGVHFGGAS
bass_01_all_01_CDR09834.1_1_35	2	34	6.163436	1.934953	PIDGRASGQGRVFQTGGDQYIQEHHHHYGAGTG
bass_01_all_01_EGX57905.1_1_37	2	35	7.799962	2.138082	TGGTDGHAEDHGRVYQSSGDQHINEHHHYGGDGP
bass_02_all_02_EGX59650.1_5_45	2	41	11.556380	2.257236	GPEASSQPTVRNSIAGGTVHGPTVMAGAVHGGVAFNYHVT
bass_05_all_07_ELP53489.1_1_24	1	21	1.695775	-0.008784	MDQKIVNYAQGNINIDKQNIY
bass_01_all_01_ELP64895.1_1_33	1	21	6.055747	0.623090	MDAHAEDRGRVYQASGDQHIN
bass_01_all_01_EMF30093.1_1_37	2	31	7.489024	1.207457	TGGTDGHAEDHGRVYQSHGDQHISEHHYYN
bass_10_nlr_26_EPF21720.1_1_46	2	36	2.823614	0.448277	TSETNSNEINLSATAQDQSKVNLIGKIEAKTVIVS
bass_01_all_01_EST24664.1_1_37	3	36	7.318481	2.549204	GRNDGQAEGQGRVYQASGDQHITEHHHHDRSGRG
bass_02_nlr_03_EXG81266.1_4_42	5	31	7.340036	2.093764	GSRNELSGSTSSSVQAQTINGPVHIGS
bass_01_all_01_GAP52496.1_1_35	4	35	4.331708	0.531410	LGARASGQGRIFQTSGDQYIEEHHHHYDAGAG
bass_08_all_20_GAP93649.1_1_27	2	19	2.007998	0.613736	TRRYDNEGRDQINIENAR
bass_09_nlr_20_GAP99709.1_41_83	17	34	3.235208	0.705491	GDVTAFQTLVSGGIANIG
bass_02_all_24_GAQ51672.1_2_43	3	32	6.397868	1.684290	GQSREAGDQHNHGSGTFVGRVMGDVTINYG
bass_05_nlr_08_GAX34747.1_1_38	4	30	2.194479	0.794917	DSGKLADKIGAFAAPGSQVNIDTQIIQ
bass_02_all_04_GAX57101.1_19_51	1	24	7.397002	0.638060	RSELSGSAWDVVQARDVTGGIHFH
bass_02_all_02_GAX57889.1_1_31	1	22	7.042740	1.271396	MSNAISGGVFFQQVIQGRDITV
bass_02_nlr_12_GAX57891.1_6_47	7	37	9.963172	1.527289	TGAGVPNLISGGIFFHAVIQGRDITVQLPPQ
bass_01_all_01_KDN80932.1_1_32	2	28	5.339148	0.730197	TGRADGQGRVYQALGDLHIVEHHHTAP
bass_05_nlr_08_KIF35509.1_1_38	2	31	3.019121	1.259752	PKDSGKFADKVGAFAAPGSQVNIGTQIIQG
bass_01_all_01_KIF69816.1_1_37	2	31	6.399135	1.903037	SGSTEGRAEGDGRVYQSRGDQHITEHHHHG
bass_02_str_10_KKK06043.1_10_46	1	37	6.910341	1.456233	RPEHVNRSELSGPADLVQARDVYGGVHFHSGDPAPAD
bass_01_all_01_KNE83477.1_1_37	2	29	6.139727	1.330593	SGAMDGHAEDRGRVYQSSGDQHISEHHH
bass_01_all_01_KOG49630.1_5_45	1	34	8.661174	2.237167	HPRGNIGAPEAVAHGHGRVFQADGDQHITEHHHH
bass_05_nlr_08_KOP25803.1_1_38	2	32	5.411253	1.815624	PEDFGQSIKKIGVYVAPGGQASIGNQVIQGQ
bass_01_nlr_01_KOT44694.1_1_42	2	39	6.958712	1.381420	SVPTPMEGRASGSARVYQTGGDQYVEEHVHHYAPGSAP
bass_01_all_01_KQX36889.1_1_37	1	25	6.682426	1.104207	MNGSTEGRAEGNGRVFQSARDQHIT
bass_01_all_01_KRD00690.1_1_37	2	35	6.826315	2.024614	TGGTDGHAEDQGRVYQARGDQHINEHHHYGGDRP
bass_05_nlr_08_KST70146.1_1_38	13	37	3.096727	1.320116	GVYIAPGGQASIGTQIIQGQKQLRP
bass_01_all_01_KUL32081.1_1_36	2	29	5.052805	1.415148	NELGARASGQGRIFQTTGDQHIQEHHHH
bass_02_all_24_KUL50315.1_4_44	3	35	7.396209	0.907333	PEQEGHREQHNHGSGTFIGGDNYGGIHFEMVDA
bass_02_str_02_KUN75534.1_1_38	6	33	8.939449	1.639903	GNVSNAISGGVFFHEVIQGRDITVVLPP
bass_01_all_01_KUO05395.1_3_39	6	37	6.221659	1.440301	ADVLRIRQQAIAADNARVYQVGTGNQTNIEGD
bass_01_all_01_KUO13099.1_1_40	2	39	7.745494	2.169821	TGGMGGTDGHAEDQGRVYQSRGDQHISEHHHHYGGDGP
bass_02_nlr_03_KWV32606.1_3_42	6	31	7.171898	0.903264	ADNDFSGRSAAVVQAGLIQGDVHLRT
bass_02_str_02_OAB01747.1_4_45	9	39	9.635231	1.610040	ADGRVNNTISGGFFFHAVIQGRDIAVQLPPQ
bass_02_str_02_OAH10245.1_6_46	7	37	10.337645	2.113371	AGSPVENQISGGVFFHAVIQGRDITVQLPPQ
bass_02_all_04_OAR26403.1_1_30	1	22	4.725149	0.686487	MSGNAWDVVQARDVSGGIHFHH
bass_10_nlr_26_OBQ14685.1_1_49	5	40	3.820955	-0.280079	PNPNHPKSIKLEGTAQGESKLIQVGSVETENLNLTA
bass_01_all_01_OBQ48332.1_1_38	2	32	5.912568	1.456045	SVPQPMEGRASDGARVFQTGGDQYIEEHVHH
bass_05_nlr_08_OCQ99945.1_1_38	13	38	1.268830	0.614277	GQVIFPGGKGVIENLVIEGQKQLTPT
bass_01_all_01_OEV05529.1_1_33	1	29	3.954126	1.778011	MDGRADSQGRVYQASGDQQIIEHHHHGGS
bass_01_all_01_OEV14114.1_1_37	2	29	8.644692	1.836461	SGTQDGRADGEGRVFQAAGDQHITEHHH
bass_01_all_01_OEV29760.1_1_37	5	25	7.108355	1.110779	MDGRAHRQGRVYQASGDQHIT
bass_03_str_06_OIJ99864.1_6_47	10	31	3.881320	-0.049743	FGNTFYGPTAINLGAGGVQNNY
bass_02_all_37_OIK24035.1_13_51	1	36	8.734266	1.838230	EPREEVTSSLSGTARDVVQARDVRGGIHFHAPATDR
bass_08_all_20_OKH17868.1_1_36	6	29	1.268728	0.321822	TSQNTNYGRDQFIIYEPMGSISIA
bass_01_all_01_OKH98982.1_1_41	6	34	7.073043	1.134471	PRPAVVRQDARAEFGSEVNQAGGDLTQYR
bass_02_str_02_OKI36072.1_1_32	2	32	8.888941	2.151454	RNDLSGHVYGPSVQAQRIHGGITFNVQAQPP
bass_02_str_02_OKI53302.1_6_45	1	37	10.461315	1.061654	AGDSGRTAACNELSGIVNGPVVQAGTIHGGITFHVAP
bass_01_all_01_OKJ57450.1_2_44	1	36	9.268366	2.019884	TGADWGAGPEVQGRASGQGRVYQARGDQHVTEHHHH
bass_01_all_01_OKJ58916.1_1_37	3	31	6.415088	1.271308	GWTEGRAEGNGRVFQSTGDQHITEHHHHG
bass_06_nlr_30_OKK16601.1_3_42	18	38	2.257036	0.737153	AAQSIGLAVSGDVRFVNLPPQ
bass_09_nlr_20_OLP17403.1_32_74	9	40	3.312618	1.143728	GQVIQSNSGNAIGFQALVEDGGVVNMGIHLHG
bass_02_all_37_OLT47852.1_1_32	2	26	7.132340	1.149521	TGFSNTFHGDVEKAVQIGAVHVHAG
bass_02_all_37_OLZ72816.1_2_41	3	37	9.799398	2.636099	PREEVNSSISGTARDVVQARDIQGGIHFHAPPTDR
bass_06_nlr_30_OMI38030.1_4_46	13	36	5.448147	1.661305	GARSPAVGTNHGAIFTGDTTVQAP
bass_01_all_01_OMI38968.1_4_43	1	39	6.185726	1.837477	PGHDSGRAPAHIEVHAHDQSRVYLANRDLHQTIGSVPAP
bass_02_nlr_03_ONF61740.1_1_28	2	23	3.364706	0.704394	SGNLVQAEIITGDVHFHQLGRP
bass_02_all_67_ONF61741.1_1_36	3	32	9.248238	1.861580	DGAGVRNTISGSVTGSVVQAGTIGHLTLSP
bass_03_all_03_ONI86674.1_3_42	2	37	10.880905	2.059623	PADEPGRPAVDARYGQGIQIGDHNTQHVHLTASTPA
bass_03_all_03_ONI86978.1_14_49	5	33	8.202558	1.874791	SAFLGIDVRHNTGVQVGDGNTQIIQAAPR
bass_03_all_03_ONI87101.1_1_30	2	20	4.859003	1.136670	EVHHNLGAQVGNHNTQHIN
bass_03_all_03_ORT49016.1_1_31	1	24	4.037646	0.951539	MNAPDARGLQVGTGNTQINNFGGD
bass_02_str_10_ORT49028.1_9_50	1	38	9.511204	2.741802	GEGVRAASVGNVLSGRVEGPSVQAGSIHGGVTVHVHHA
bass_02_str_02_OSC71126.1_6_46	5	41	10.252764	2.783761	PRHTDSRNDFSGTSHGPVVQAAAIHGGITFHVQPAAP
bass_01_all_01_OSY53090.1_1_36	2	28	6.536809	1.582027	TGTDGHAEDHGRVYQARGDQHITEHHH
bass_07_nlr_15_OUL32058.1_1_40	2	34	2.988756	2.286794	SNENLQGIITQGGKVIVQDSTFNFGSSQQTSPP
bass_01_all_01_OWA23404.1_1_37	2	30	6.964366	1.756369	NGSTEGRAEDNGRVFQSAGDQHITEHHHH
bass_02_str_02_OWU99816.1_1_38	2	38	7.364049	2.163372	SDDRGRVDNDFSGRSGAVVQAGLIQGDVNLRTITETP
bass_01_all_01_OXL24360.1_1_35	2	30	8.062549	1.775359	SAEGRASGHGRVFQSAGDQHIAEHHHHGP
bass_06_nlr_30_OXL37054.1_1_43	8	37	5.164902	2.353974	PGEASGDRAVAVGHNQGIVSTGDGAVIDNR
bass_05_nlr_08_OYD91200.1_1_38	2	31	2.889710	0.635023	PEDSGKFAEKIGAFASPGAQVNIGTQIIEG
bass_04_cya_02_OYD94772.1_1_41	6	36	4.488697	1.231574	SPEEILQSILQNVQVGGNLTTGNITQTIIDN
bass_04_cya_02_OYE01066.1_1_40	8	33	4.509815	0.787793	QVVQRILENVWAGRDITIGDIHQIYQ
bass_07_all_12_OYE01692.1_1_32	2	22	1.029324	0.322394	TSENWQGINIKGGEPTIKDNT
bass_09_nlr_20_OYQ62143.1_41_83	2	38	3.569719	0.866260	GQAIQSDRQLIQINEGNAKGFQTLVTGGIANIGIHLN
bass_05_nlr_08_OYQ63523.1_15_62	19	42	2.690563	0.200073	ADKVGIVALEGSAVNIGTFNNYTQ
bass_08_all_20_OYQ65654.1_1_28	1	16	3.024480	-0.324661	MSRQYDNYGRDQYNIE
bass_07_all_12_PAX60320.1_1_35	6	27	4.687391	0.078315	WQGINFKDSNPIIQGNNFNFYP
bass_06_nlr_30_PBC80891.1_1_41	5	41	7.731649	2.753483	PGARADGARSVAVAGDNHAHIFTGDGVTVVSGSGRRP
bass_02_str_02_PCG87455.1_6_45	6	40	8.366195	2.153440	PVSSRNDLSGTTYGPTVQAGAIHGGITFNVQETPP
bass_01_all_01_PIF86474.1_1_37	2	30	6.755042	1.759643	SGRNDGQANGQGRVYQASGDQHIIEHHHY
bass_01_all_01_PIG02277.1_1_32	1	19	3.302480	0.514460	MDGHAEDAGRVYQASRDQH
bass_01_all_01_PJN34549.1_1_39	2	34	4.425225	0.201221	SEDASLRAAAYEQGRIFQAERDIQITEHHHHGA
bass_03_all_03_PKB26148.1_1_34	1	20	5.897534	0.895797	MFRNSFHGPTAFQVGNNNQQ
bass_02_nlr_03_PKT70377.1_26_65	1	35	4.405204	1.234820	PEQPVRNEAAGAVFGHLVQVGTLQGDIAIRESPRA
bass_06_nlr_30_PKT73475.1_6_42	4	30	3.084864	0.331838	WSGIEAVGPRSIAAGQIGNAYTGDVLP
bass_02_all_02_PKV69821.1_1_35	3	31	9.404070	1.611533	PNSVHNEITGGVFFAPVIQGQVVNLQLPP
bass_02_str_10_PNE33479.1_6_48	5	43	9.115921	1.604413	PAPTRITNSLPGNVDGQLVQAGVVNGAITFNYHAGPEAP
bass_04_cya_02_PPJ64013.1_1_36	4	34	6.402464	1.567384	QPQINQSILNNVNVGGNLTTGDIYQNIYSQP
bass_02_nlr_03_PRY19311.1_8_46	5	29	9.006319	1.747897	VNRLDATGAGDVVQARDVHGGVHIH
bass_04_nlr_13_PRY21118.1_17_59	9	32	7.502764	1.535762	SKNVNTGNIFAGGNVHIGDINVND
bass_08_all_20_PSB15792.1_1_35	8	35	1.648105	1.476301	DGRDQIPIEHLTGNVYIGDQRSRKRPDR
bass_07_all_12_PSB30758.1_1_39	8	29	4.712806	0.764074	GINFKDVKDGGNVHIHDNTFVF
bass_03_nlr_09_PSL52708.1_12_50	3	31	6.996365	1.528654	ASARAGGFDVRGNLGPQIGDHNTQHNTIA
bass_01_all_01_PSM41355.1_1_37	2	37	7.094212	1.980505	TGGMDGRAEDRGRVFQSSGDQHINEHHHYGGDGSGR
bass_03_all_03_PTA47471.1_3_43	2	31	8.441208	1.290352	QGDGLAGDRVDASHAQGLQIGEGNTQNNTF
bass_03_all_03_PVC80771.1_3_41	1	28	5.958705	2.355960	SGSGGGDVRDNTFHGPSFIQTGAGSTQH
bass_01_all_01_SBU87863.1_1_37	2	30	6.803349	1.885910	TGRNDGRATEQGRVYQASGDQHITEHHHH
bass_02_str_02_SCE01878.1_1_39	5	37	8.921750	1.685753	GPESHNELSGTVHGVAVQAGVVHGDVHIAAEAT
bass_01_all_01_SCE17642.1_1_33	1	31	6.459247	1.586977	MDGRAQNDGRVYQTTGDQHVTEHHHYAGGGP
bass_02_str_02_SCE36439.1_7_46	8	40	12.056005	2.128045	AAQNDLSGTVHGPVVQAATIHGGITYTVQQAPP
bass_02_all_04_SCE87658.1_15_47	1	24	4.406602	0.178875	NRSELHSLAEVVQARDVYGGVHFH
bass_02_str_10_SCF14848.1_1_39	5	33	7.920880	1.794652	GTSNEQSGSVTGLSVQAGAIHGGVHFIGG
bass_06_nlr_34_SCF69683.1_1_38	2	30	2.154408	-0.601935	STDDVRLCIETAGPRSIAAKEITNAYTGD
bass_06_nlr_30_SCF99111.1_4_46	3	33	5.684147	2.829823	APGGGGPQATGPRSVAVGGGVGVAITGDGAQ
bass_02_str_02_SCK34650.1_7_46	8	40	10.872271	2.191628	AARNDFNGTSHGPVVQAATIHGGITYNVQQAPP
bass_02_str_02_SCK50479.1_1_33	2	28	7.365228	0.656593	VEETHNNLSGRAETVVQAGHIGELHQH
bass_02_str_10_SCK50496.1_8_47	1	39	9.805172	2.089067	RAQAPHILNDLSGNVYGPSVQANRIHGGITFHVQAPPPP
bass_06_nlr_30_SCL31068.1_16_58	11	37	4.154001	2.173103	GSGRRAAVLHTNQGVVQTGDNVRAVVG
bass_02_str_02_SCL34400.1_4_46	1	40	10.677749	2.714117	ARDDRRTTRPAVRNDLSGTVTGPVVQSAAIHGGVHLHTGP
bass_02_all_04_SDD78461.1_3_38	2	27	7.281301	1.495869	GGLVNDFSGVGGQVIQARDIGSVTFA
bass_03_str_06_SDM63858.1_1_36	2	25	3.682505	0.561879	TGNGSTFFGPTGAMWGDGNIQNNT
bass_02_all_02_SDN39945.1_1_36	5	28	9.843749	1.308683	GTDNEISGGVFFSTVIQGRDITIE
bass_03_nlr_09_SDT82687.1_22_61	6	29	4.354091	0.668617	DDRPLVFEGPLAVQIGDHGVQNNY
bass_03_all_03_SDZ30256.1_1_28	1	23	2.849173	-0.164131	MDVRLRDARGMVIGEHNTVYQNF
bass_01_all_01_SED09724.1_1_41	2	32	6.228698	-0.286099	SDSEKHMTLRAQASDQARVYQAGRDLYVNES
bass_02_str_02_SEG79912.1_1_36	6	30	9.694419	1.744459	HNDVTGVVHGPLVQARDVFGGVHFH
bass_06_nlr_30_SEH02447.1_1_35	2	35	6.632872	2.868883	SAYGPRAVSVDGSNPGIIQTGDNVSATIVQTTGP
bass_01_all_01_SEH02571.1_1_42	2	36	6.912833	2.545807	SGDDQPQVRIDTHADGQARQYIAAGDQHIHQLSPP
bass_02_all_67_SEH04084.1_7_47	3	39	9.951236	2.743894	KTDGTGTRNELSGQVTGGVVQAGNIGTVNFGGSPPSP
bass_02_nlr_03_SEN27171.1_24_63	1	38	9.143737	2.693880	GDARGARNDLSGTSGDVVQAGSVHGGIHFHPGHGPEPR
bass_03_str_06_SEO98883.1_1_34	2	30	1.917965	1.304854	AGDVFHGPVAGQLGDHTTQYNSFHASRPR
bass_01_all_01_SEP84959.1_1_33	1	33	5.845104	0.619798	MDGHAEGEGRVYQALGDQHISEHHHHHGGGEAG
bass_01_all_01_SEU47807.1_1_32	1	21	5.543629	-0.157901	MKGRAFGHGRTYQAGGDLTVH
bass_01_all_01_SFD26332.1_12_50	1	32	5.354892	0.240238	GDSPAAVRICGQARDSGEIYAAAGDMHIVSRP
bass_02_all_04_SFD29412.1_13_45	1	24	5.310972	1.048126	RSVLYGAARDVVQARHVSGGVHFH
bass_02_nlr_03_SFP19392.1_11_50	1	35	7.135984	1.548604	DRGRWTNELTGRIAGSSVQAGSIAGGVHITAPGGP
bass_03_nlr_09_SFW86808.1_13_50	5	24	5.418046	0.971814	GETFAVDHNLGAQVGDNNVQ
bass_03_str_06_SFY52717.1_6_47	1	30	5.442691	1.872183	SGGSGTGGVSGNTFYGATAINVGAGGDQNN
bass_02_nlr_03_SHE94357.1_12_51	3	38	6.653609	1.693815	APEIINQLGDVAGVAFQTGVNHGGIHVHLSGNERPP
bass_01_nlr_01_SMF86310.1_5_48	4	36	5.508519	1.301869	PRADRMLRTVAEGSSSVYQAGGDQIIVDYSVQQ
bass_01_nlr_01_SMF86318.1_3_42	2	40	1.485493	0.801213	PSAGDISIRDRARWNSAARDQYIVEIGHQYVAHHTAMPG
bass_02_str_02_SNT46039.1_1_39	2	38	9.013994	1.786866	SEQAQGDVHNVFSGGSATYVIQGRDFGDVHLHLPTPP
bass_06_nlr_30_SNX61895.1_1_41	7	28	3.168999	0.994234	PGASGERAIAAGESIGVAVSGD
bass_06_nlr_30_SOD86496.1_4_46	6	34	5.188340	1.896963	GGGVQATGARSMAVGGDVSVAITGDGARV
