id	prob	class	frag
bass_01_all_01_AIJ15689.1_7_28	3.3679308e-07	1	MEGRASGSARIYQAGGDQYIEE
bass_01_all_01_SEU47807.1_1_22	3.990871e-09	1	MKGRAFGHGRTYQAGGDLTVHE
bass_01_all_01_ATW48405.1_12_36	0.0020630658	1	VSLRAGAHDGGRIYQAVGDQYIYE
bass_01_all_01_OKJ57450.1_12_34	0.3184327	1	QGRASGQGRVYQARGDQHVTEH
bass_01_all_01_ADI09086.1_11_31	1.0	1	HASGHGRVFQSAGDQHITEH
bass_01_all_01_ALV50310.1_7_28	5.878538e-09	1	MEGHASDSARVYQTGGDQYIEE
bass_01_all_01_OKH98982.1_11_31	1.6198383e-08	1	VRQDARAEFGSEVNQAGGDLT
bass_01_all_01_OSY53090.1_6_26	1.0	1	HAEDHGRVYQARGDQHITEH
bass_01_all_01_ALO07341.1_7_26	0.99998915	1	ARADGYGRIYQASGDQHIVE
bass_01_all_01_AUA13813.1_5_24	0.07096562	1	RASGQGRVFQTSGDQHIEE
bass_01_all_01_CDR09834.1_5_25	1.4834032e-05	1	RASGQGRVFQTGGDQYIQEH
bass_01_all_01_ELP64895.1_1_23	1.0	1	MDAHAEDRGRVYQASGDQHINEH
bass_01_all_01_KOG49630.1_15_35	1.0	1	AVAHGHGRVFQADGDQHITEH
bass_01_all_01_KRD00690.1_7_27	1.0	1	HAEDQGRVYQARGDQHINEH
bass_01_all_01_OBQ48332.1_7_28	1.18370735e-08	1	MEGRASDGARVFQTGGDQYIEE
bass_01_all_01_OXL24360.1_5_25	0.016471416	1	RASGHGRVFQSAGDQHIAEH
bass_01_all_01_PIG02277.1_1_22	0.8722447	1	MDGHAEDAGRVYQASRDQHISE
bass_01_all_01_ARF62512.1_7_27	1.0	1	RAEDNGRVYQSQGDQHITEH
bass_01_all_01_EGX57905.1_7_27	1.0	1	HAEDHGRVYQSSGDQHINEH
bass_01_all_01_KQX36889.1_7_27	0.9999999	1	RAEGNGRVFQSARDQHITEH
bass_01_all_01_KUL32081.1_6_26	0.0010312498	1	ARASGQGRIFQTTGDQHIQEH
bass_01_all_01_KUO13099.1_10_30	1.0	1	HAEDQGRVYQSRGDQHISEH
bass_01_all_01_OEV14114.1_4_27	1.0	1	TQDGRADGEGRVFQAAGDQHITEH
bass_01_all_01_SED09724.1_8_31	5.751247e-05	1	MTLRAQASDQARVYQAGRDLYVNE
bass_01_all_01_SEH02571.1_7_32	0.99985015	1	PQVRIDTHADGQARQYIAAGDQHIHQ
bass_01_all_01_EMF30093.1_7_27	1.0	1	HAEDHGRVYQSHGDQHISEH
bass_01_all_01_GAP52496.1_6_25	0.00019210577	1	ARASGQGRIFQTSGDQYIEE
bass_01_all_01_KUO05395.1_13_29	6.1622534e-09	1	IRQQAIAADNARVYQVG
bass_01_all_01_OEV05529.1_1_23	0.0023392737	1	MDGRADSQGRVYQASGDQQIIEH
bass_01_all_01_OEV29760.1_5_27	1.0	1	MDGRAHRQGRVYQASGDQHITEH
bass_01_all_01_OKJ58916.1_7_27	0.9998394	1	RAEGNGRVFQSTGDQHITEH
bass_01_all_01_OMI38968.1_14_33	3.8708454e-09	1	IEVHAHDQSRVYLANRDLH
bass_01_all_01_PIF86474.1_8_27	0.99190855	1	ANGQGRVYQASGDQHIIEH
bass_01_all_01_PSM41355.1_5_27	0.020825326	1	MDGRAEDRGRVFQSSGDQHINEH
bass_01_all_01_SEP84959.1_1_23	1.0	1	MDGHAEGEGRVYQALGDQHISEH
bass_01_all_01_AGK79793.1_7_26	0.46089417	1	RASDQGRVYQASGDQHIVE
bass_01_all_01_AOR29772.1_6_25	2.1984821e-08	1	ARASGQGRIFQTTGDQYVQE
bass_01_all_01_BAJ27762.1_7_27	1.0	1	RATGHGRVYQAAGDQHVTEH
bass_01_all_01_KDN80932.1_1_22	6.866658e-08	1	MTGRADGQGRVYQALGDLHIVE
bass_01_all_01_KNE83477.1_5_27	0.9997472	1	MDGHAEDRGRVYQSSGDQHISEH
bass_01_all_01_PJN34549.1_6_29	5.2692264e-09	1	LRAAAYEQGRIFQAERDIQITEH
bass_01_all_01_SCE17642.1_1_23	0.028680086	1	MDGRAQNDGRVYQTTGDQHVTEH
bass_01_all_01_EST24664.1_8_27	1.0	1	AEGQGRVYQASGDQHITEH
bass_01_all_01_KIF69816.1_7_27	1.0	1	RAEGDGRVYQSRGDQHITEH
bass_01_all_01_OWA23404.1_7_27	0.9999999	1	RAEDNGRVFQSAGDQHITEH
bass_01_all_01_SBU87863.1_7_27	1.0	1	RATEQGRVYQASGDQHITEH
bass_01_all_01_SFD26332.1_22_40	0.3229046	1	QARDSGEIYAAAGDMHI
bass_01_nlr_01_KOT44694.1_7_32	5.0774812e-05	1	MEGRASGSARVYQTGGDQYVEEHVHH
bass_01_nlr_01_ASO18266.1_18_40	5.1751123e-09	1	AEAHDASRVYQAQRDIVIGETSV
bass_01_nlr_01_SMF86310.1_15_38	6.4832e-09	1	RTVAEGSSSVYQAGGDQIIVDYSV
bass_01_nlr_01_SMF86318.1_13_32	8.777126e-09	1	DRARWNSAARDQYIVEIGHQ
bass_01_nlr_01_AOS61467.1_22_36	1.4496745e-09	1	HDFARVYQAQRDIVI
bass_02_all_02_GAX57889.1_3_21	0.9999999	1	NAISGGVFFQQVIQGRDIT
bass_02_all_02_PKV69821.1_6_25	0.0015994906	1	VHNEITGGVFFAPVIQGQ
bass_02_all_02_SDN39945.1_8_26	0.0025915504	1	NEISGGVFFSTVIQGRDIT
bass_02_all_02_EGX59650.1_15_35	0.25894243	1	VRNSIAGGTVHGPTVMAGAVH
bass_02_all_04_SDD78461.1_13_28	0.0048317313	1	VGGQVIQARDIGSVTF
bass_02_all_04_SCE87658.1_25_37	1.2398152e-07	1	VVQARDVYGGVHF
bass_02_all_04_ATY15809.1_11_26	3.3149412e-05	1	DKVFQARNVYGDVHF
bass_02_all_04_GAX57101.1_29_41	0.22012013	1	VVQARDVTGGIHF
bass_02_all_04_OAR26403.1_8_20	0.0015654266	1	VVQARDVSGGIHF
bass_02_all_04_SFD29412.1_23_35	4.1396198e-09	1	VVQARHVSGGVHF
bass_02_all_24_KUL50315.1_14_34	1.0	1	QHNHGSGTFIGGDNYGGIHFE
bass_02_all_24_GAQ51672.1_12_33	0.003009349	1	QHNHGSGTFVGRVMGDVTINYG
bass_02_all_37_OIK24035.1_23_41	0.99999976	1	SGTARDVVQARDVRGGIHF
bass_02_all_37_OLZ72816.1_12_31	0.9999999	1	ISGTARDVVQARDIQGGIHF
bass_02_all_37_OLT47852.1_6_22	4.1285514e-08	1	NTFHGDVEKAVQIGAVH
bass_02_all_67_ONF61741.1_9_26	0.9960366	1	NTISGSVTGSVVQAGTIG
bass_02_all_67_SEH04084.1_17_37	2.66315e-07	1	NELSGQVTGGVVQAGNIGTVN
bass_02_nlr_03_PRY19311.1_18_36	0.9752146	1	TGAGDVVQARDVHGGVHIH
bass_02_nlr_03_SEN27171.1_34_53	1.0	1	SGTSGDVVQAGSVHGGIHFH
bass_02_nlr_03_KWV32606.1_13_32	1.0	1	SGRSAAVVQAGLIQGDVHLR
bass_02_nlr_03_EXG81266.1_14_32	6.726403e-05	1	SGSTSSSVQAQTINGPVHI
bass_02_nlr_03_SHE94357.1_22_41	4.887967e-08	1	GDVAGVAFQTGVNHGGIHVH
bass_02_nlr_03_ONF61740.1_2_18	0.03009963	1	SGNLVQAEIITGDVHFH
bass_02_nlr_03_SFP19392.1_21_40	0.023488551	1	GRIAGSSVQAGSIAGGVHIT
bass_02_nlr_03_PKT70377.1_36_55	0.000102422106	1	GAVFGHLVQVGTLQGDIAIR
bass_02_nlr_12_GAX57891.1_16_37	5.0672204e-09	1	VPNLISGGIFFHAVIQGRDITV
bass_02_str_02_OAB01747.1_14_35	0.9995315	1	GRVNNTISGGFfFHAVIQGRDI
bass_02_str_02_ANN18894.1_19_38	1.03495585e-08	1	NVVSGNVEGIVVQAHTVEGG
bass_02_str_02_KUN75534.1_6_28	0.9999999	1	GNVSNAISGGVfFHEVIQGRDIT
bass_02_str_02_SNT46039.1_7_29	0.9999999	1	GDVHNVFSGGSATyVIQGRDFG
bass_02_str_02_OWU99816.1_6_28	1.7182106e-06	1	GRVDNDFSGRSGAVVQAGLIQGD
bass_02_str_02_OAH10245.1_16_36	0.0050456524	1	VENQISGGVfFHAVIQGRDIT
bass_02_str_02_SCE01878.1_9_29	1.5376067e-08	1	HNELSGTVHGVAVQAGVVHGD
bass_02_str_02_SCL34400.1_14_36	4.4490147e-07	1	AVRNDLSGTVTGPVVQSAAIHGG
bass_02_str_02_SEG79912.1_5_26	0.008411288	1	VHNDVTGVVHGPLVQARDVFGG
bass_02_str_02_AMW10320.1_15_35	4.2710093e-09	1	RNDLSGTVFGPVVQAGTVKGG
bass_02_str_02_OKI36072.1_3_22	1.29193785e-08	1	SGHVYGPSVQAQRIHGG
bass_02_str_02_OKI53302.1_16_35	0.014414966	1	NELSGIVNGPVVQAGTIHGG
bass_02_str_02_PCG87455.1_16_35	1.3732555e-08	1	NDLSGTTYGPTVQAGAIHGG
bass_02_str_02_OSC71126.1_16_36	0.0005482435	1	RNDFSGTSHGPVVQAAAIHGG
bass_02_str_02_SCE36439.1_17_36	0.0010182858	1	SGTVHGPVVQAATIHGG
bass_02_str_02_SCK34650.1_17_36	0.0008303523	1	NGTSHGPVVQAATIHGG
bass_02_str_02_SCK50479.1_5_23	0.9999972	1	HNNLSGRAETVVQAGHIG
bass_02_str_10_KKK06043.1_20_36	8.018337e-09	1	SGPAdlVQARDVYGGVH
bass_02_str_10_CCH15801.1_7_28	0.0015740693	1	NEQSGNVSGLSVQAGVIHGGVH
bass_02_str_10_ORT49028.1_19_40	0.0008380711	1	LSGRVEGPSVQAGSIHGGVT
bass_02_str_10_PNE33479.1_16_38	3.9991312e-09	1	NSLPGNVDGQLVQAGVVNGAIT
bass_02_str_10_SCF14848.1_8_29	2.499569e-08	1	NEQSGSVTGLSVQAGAIHGGVH
bass_02_str_10_SCK50496.1_18_37	0.0009854138	1	SGNVYGPSVQANRIHGGIT
bass_03_all_03_PKB26148.1_4_24	0.99999917	1	NSFHGPTAFQVGNNNQQVNHF
bass_03_all_03_AJC53635.1_13_33	0.003735423	1	VDARAAQGVQVGDGGVQVNYF
bass_03_all_03_PTA47471.1_13_33	0.99999917	1	VDASHAQGLQIGEGNTQNNTF
bass_03_all_03_ONI86978.1_24_39	0.002421081	1	DVRHNTGVQVGDGNTQ
bass_03_all_03_ORT49016.1_5_21	1.6474158e-05	1	DARGLQVGTGNTQINNF
bass_03_all_03_PVC80771.1_13_31	0.9940546	1	NTFHGPSFIQTGAGSTQHN
bass_03_all_03_ONI86674.1_13_32	0.9994774	1	VDARYGQGIQIGDHNTQHVH
bass_03_all_03_ONI87101.1_8_20	1.0	1	GAQVGNHNTQHIN
bass_03_all_03_SDZ30256.1_4_18	1.5671221e-09	1	LRDARGMVIGEHNT
bass_03_cya_15_BBC24758.1_5_22	0.8513515	1	EINIGQGGTGNTQNNTFN
bass_03_nlr_09_ALB43288.1_2_21	0.9857751	1	IDKQINIQQDGQGNVINNFF
bass_03_nlr_09_SDT82687.1_32_51	0.99959135	1	VFEGPLAVQIGDHGVQNNYF
bass_03_nlr_09_SFW86808.1_23_40	0.99999964	1	HNLGAQVGDNNVQRNTF
bass_03_nlr_09_PSL52708.1_22_40	0.79809034	1	DVRGNLGPQIGDHNTQHNT
bass_03_nlr_09_AFZ27510.1_6_25	2.2162314e-05	1	IDKLININQDGKDNTQNNIF
bass_03_str_06_SDM63858.1_5_26	6.767253e-09	1	GSTFFGPTGAMWGDGNIQNNTF
bass_03_str_06_SEO98883.1_3_24	0.9999411	1	GDVFHGPVAGQLGDHTTQYNSF
bass_03_str_06_OIJ99864.1_16_37	7.638189e-05	1	GNTFYGPTAINLGAGGVQNNYF
bass_03_str_06_SFY52717.1_16_37	0.9999999	1	GNTFYGATAINVGAGGDQNNYF
bass_04_cya_02_AFY38363.1_7_31	0.0021961033	1	KKIIQKAISDIVVHGNLTVGDITQ
bass_04_cya_02_BBD58560.1_5_30	0.0020880103	1	DSEVVQVKLENLQVGGNITIKDITQ
bass_04_cya_02_OYD94772.1_10_31	0.0015937984	1	ILQSILQNVQVGGNLTTGNITQ
bass_04_cya_02_PPJ64013.1_3_26	0.0018720329	1	QPQINQSILNNVNVGGNLTTGDI
bass_04_cya_02_BAZ20405.1_41_61	0.0015111268	1	QKIFENVQAEGNITVGDITQ
bass_04_cya_02_OYE01066.1_9_30	0.0016389489	1	VVQRILENVWAGRDITIGDIHQ
bass_04_cya_02_BAU63957.1_12_31	0.004811913	1	QKVFSNVSVGGDLTAGDITL
bass_04_nlr_13_PRY21118.1_27_49	1.0	1	NVNTGNIFAGGNVHIGDINVNDN
bass_04_nlr_13_BAZ86410.1_11_33	0.018467218	1	QKIFENVQASGDINIRDIYQTVN
bass_05_all_07_ARI84451.1_4_14	0.0007108748	1	KIVNYAQGDIN
bass_05_all_07_ELP53489.1_4_14	0.0013586283	1	KIVNYAQGNIN
bass_05_cya_01_BAZ70469.1_6_24	9.248945e-09	1	KFADKIGAFAAPGANVNI
bass_05_nlr_08_AFW94441.1_1_28	1.7742595e-08	1	MNDNFSKLADKIGAVALPGGTVQVNTQN
bass_05_nlr_08_OYQ63523.1_25_52	0.0003489256	1	IHHEPNKLADKVGIVALEGSAVNIGTFN
bass_05_nlr_08_ACK70197.1_1_28	6.9575854e-08	1	MKEQPDKIAEKIAVFAQGGTVYIDKIII
bass_05_nlr_08_GAX34747.1_1_28	0.00067290664	1	MFNDSGKLADKIGAFAAPGSQVNIDTQI
bass_05_nlr_08_BAY32777.1_1_28	0.008849055	1	MPEDSGKFADKIGVFAAPGAQVNIGTQI
bass_05_nlr_08_OCQ99945.1_1_28	8.529231e-08	1	MPEDFKKLSDKIGQVIFPGGKGVIENLV
bass_05_nlr_08_KST70146.1_1_28	0.0015268922	1	MSEELGKFAEKIGVYIAPGGQASIGTQI
bass_05_nlr_08_KIF35509.1_1_28	0.0026853085	1	MPKDSGKFADKVGAFAAPGSQVNIGTQI
bass_05_nlr_08_KOP25803.1_1_28	0.0126746595	1	MPEDFGQSIKKIGVYVAPGGQASIGNQV
bass_05_nlr_08_OYD91200.1_1_28	0.0028693378	1	MPEDSGKFAEKIGAFASPGAQVNIGTQI
bass_06_all_09_AQW51769.1_5_24	9.697398e-05	1	TFQAIGAGSVAAHHIGTAIT
bass_06_nlr_30_OMI38030.1_14_36	2.864337e-09	1	TSGARSPAVGTNHGAIFTGDTTV
bass_06_nlr_30_SNX61895.1_9_31	2.6997539e-05	1	ASGERAIAAGESIGVAVSGDNAR
bass_06_nlr_30_OXL37054.1_11_33	0.99961734	1	ASGDRAVAVGHNQGIVSTGDGAV
bass_06_nlr_30_PBC80891.1_11_31	0.9999999	1	GARSVAVaGDNHAHIFTGDGV
bass_06_nlr_30_SEH02447.1_5_25	5.929098e-09	1	GPRAVSVdGSNPGIIQTGDNV
bass_06_nlr_30_OKK16601.1_13_32	3.080238e-09	1	ASGERSMAAQSIGLAVSGD
bass_06_nlr_30_PKT73475.1_16_32	0.0018733144	1	GPRSIAAGQIGNAYTGD
bass_06_nlr_30_ALO95113.1_14_36	0.9923227	1	ATGFRSVAVGGDVGVAITGDGAR
bass_06_nlr_30_SCF99111.1_14_36	0.91855305	1	ATGPRSVAVGGGVGVAITGDGAQ
bass_06_nlr_30_SCL31068.1_26_48	1.0275875e-08	1	GSGRRAAVLHTNQGVVQTGDNVR
bass_06_nlr_30_SOD86496.1_14_36	0.9999992	1	ATGARSMAVGGDVSVAITGDGAR
bass_06_nlr_34_SCF69683.1_8_28	3.9313526e-09	1	LCIETAGPRSIAAKEITNAYT
bass_06_pch_02_ANP52225.1_4_17	1.7343285e-09	1	PHVVQASHHGVAVG
bass_07_all_12_PAX60320.1_3_25	0.015449494	1	NENWQGINFKDSNPIIQGNNFNF
bass_07_all_12_AFZ01857.1_2_25	0.012979716	1	INENWQGINAKGGINVIKDNTFNF
bass_07_all_12_AKG24489.1_3_24	0.0022760928	1	ENWHGINIKGGKNEIKGNTFIF
bass_07_all_12_OYE01692.1_2_22	0.0018766522	1	SENWQGINIKGGEPTIKDNT
bass_07_all_12_AFZ00399.1_2_25	0.0021087825	1	INENWQGISIKGGEVEVKDNTFNF
bass_07_all_12_PSB30758.1_2_29	0.9997797	1	TTEDWRGINFKdvkdGGNVHIHDNTFVF
bass_07_nlr_15_OUL32058.1_2_30	0.8070885	1	SNENLQGIITQGGKVIVQDSTFNFGSSQQ
bass_08_all_20_BAS57487.1_2_22	2.1188576e-08	1	SRQYESHGRDQFNIETLKGD
bass_08_all_20_OYQ65654.1_2_18	1.0796377e-08	1	SRQYDNYGRDQYNIEN
bass_08_all_20_GAP93649.1_2_17	1.8096494e-09	1	TRRYDNEGRDQINIEN
bass_08_all_20_OKH17868.1_6_26	3.3530057e-09	1	TSQNTNYGRDQFIIYEPMG
bass_08_all_20_PSB15792.1_2_25	1.5927634e-09	1	SREYKNDGRDQIPIEHLTGNVYIG
bass_09_nlr_20_OYQ62143.1_51_73	0.0029385686	1	LIQINEGNAKGFQTLVTGGIANI
bass_09_nlr_20_AFZ02242.1_1_23	1.8472432e-09	1	MKQENKDNAKGWQTEANNSNVYN
bass_09_nlr_20_BAU44504.1_3_24	0.023049712	1	DQHIHDQGKGYQVEVKGGTAYI
bass_09_nlr_20_CAO90857.1_51_73	0.0003732741	1	LVQINKGDAKGFQTLVTGGIANI
bass_09_nlr_20_AFY94413.1_1_23	3.086619e-09	1	MQQDNRDNATGFQIDADNSTVYA
bass_09_nlr_20_BAZ41011.1_2_24	0.00016069412	1	MSQENSGNAQGFQTQVHDGGTAY
bass_09_nlr_20_GAP99709.1_51_73	0.0832873	1	LIQINQGDVTAFQTLVSGGIANI
bass_09_nlr_20_OLP17403.1_42_64	0.01603961	1	VIQSNSGNAIGFQALVEDGGVVN
bass_10_nlr_26_EPF21720.1_8_36	0.0009152591	1	NEINLSATAQDQSKVNLIGKIEAKTVIVS
bass_10_nlr_26_BAY96876.1_11_36	0.0037624538	1	NNIEMNVTASGDSKVTQVGQINAAEV
bass_10_nlr_26_ALB42078.1_11_36	0.009409726	1	NNIEMNVNAFGDSKVTQIGQLNAQQV
bass_10_nlr_26_OBQ14685.1_11_39	0.04266706	1	KSIKLEGTAQGESKLIQVGSVETENLNLT
bass_10_nlr_26_BAY92963.1_11_39	0.10979205	1	KIINLEGTAQDESKLTQIGHVDTENFHLT
